%YAML:1.0
---
R: !!opencv-matrix
   rows: 3
   cols: 3
   dt: d
   data: [ 9.9082334299705421e-01, -1.6339643336906441e-02,
       -1.3417197556779314e-01, 1.3491940526615936e-03,
       9.9381229919569458e-01, -1.1106436711554053e-01,
       1.3515651167276421e-01, 1.0986414348180205e-01,
       9.8471446995027956e-01 ]
T: !!opencv-matrix
   rows: 3
   cols: 1
   dt: d
   data: [ 1.7114464211401462e-01, 4.2458825467741268e-02,
       7.3495078172759135e-03 ]
R1: !!opencv-matrix
   rows: 3
   cols: 3
   dt: d
   data: [ 9.6678982692080984e-01, 2.2782057412348117e-01,
       -1.1582407594484888e-01, -2.3304788503951440e-01,
       9.7188420087857208e-01, -3.3612250166102135e-02,
       1.0491002736173502e-01, 5.9488537456107958e-02,
       9.9270086132242941e-01 ]
R2: !!opencv-matrix
   rows: 3
   cols: 3
   dt: d
   data: [ 9.6973576644706772e-01, 2.4057920334995220e-01,
       4.1643609219427377e-02, -2.4227970373231017e-01,
       9.6928916869865067e-01, 4.2178816992214076e-02,
       -3.0217353171679937e-02, -5.0991708727802287e-02,
       9.9824183302860880e-01 ]
P1: !!opencv-matrix
   rows: 3
   cols: 4
   dt: d
   data: [ 6.7554769475498335e+02, 0., 3.3616869544982910e+02, 0., 0.,
       6.7554769475498335e+02, 2.3718235111236572e+02, 0., 0., 0., 1.,
       0. ]
P2: !!opencv-matrix
   rows: 3
   cols: 4
   dt: d
   data: [ 6.7554769475498335e+02, 0., 3.3616869544982910e+02,
       1.1922460988871862e+02, 0., 6.7554769475498335e+02,
       2.3718235111236572e+02, 0., 0., 0., 1., 0. ]
Q: !!opencv-matrix
   rows: 4
   cols: 4
   dt: d
   data: [ 1., 0., 0., -3.3616869544982910e+02, 0., 1., 0.,
       -2.3718235111236572e+02, 0., 0., 0., 6.7554769475498335e+02, 0.,
       0., -5.6661766004981962e+00, 0. ]
