%YAML:1.0
---
M1: !!opencv-matrix
   rows: 3
   cols: 3
   dt: d
   data: [ 9.8710906989142154e+02, 0., 2.8138121365893630e+02, 0.,
       9.8710906989142154e+02, 2.3801545388613809e+02, 0., 0., 1. ]
D1: !!opencv-matrix
   rows: 1
   cols: 14
   dt: d
   data: [ 2.0029047342300932e-02, -2.8402240995911338e-01, 0., 0., 0.,
       0., 0., -1.3240532524068107e+00, 0., 0., 0., 0., 0., 0. ]
M2: !!opencv-matrix
   rows: 3
   cols: 3
   dt: d
   data: [ 9.8710906989142154e+02, 0., 3.0918767142390823e+02, 0.,
       9.8710906989142154e+02, 2.3417007433393971e+02, 0., 0., 1. ]
D2: !!opencv-matrix
   rows: 1
   cols: 14
   dt: d
   data: [ -6.0534709383844081e-02, 3.5168116835394517e-02, 0., 0., 0.,
       0., 0., -3.6174740105995693e+00, 0., 0., 0., 0., 0., 0. ]
