<?xml version="1.0"?>
<opencv_storage>
<intrinsic_matrix type_id="opencv-matrix">
  <rows>3</rows>
  <cols>3</cols>
  <dt>d</dt>
  <data>
    8.1989873154402233e+02 0. 320. 0. 8.0370427074639827e+02 240. 0. 0.
    1.</data></intrinsic_matrix>
<distortion_coefficients type_id="opencv-matrix">
  <rows>1</rows>
  <cols>5</cols>
  <dt>d</dt>
  <data>
    3.4122285731355048e-02 -5.4876174096723207e-01 0. 0.
    1.6028094599000169e+00</data></distortion_coefficients>
<reprojection_error>9.1599485444124240e-01</reprojection_error>
</opencv_storage>
